0,540
0,539
101,35
0,538
0,472
3,2
3,1
3,3
10,195
10,295
10,31
10,303
10,2
10,3
11,19
9,2
9,3
8,13
8,15
8,2
8,3
92,5
92,4
92,3
92,2
92,1
89,4
89,3
89,2
89,1
87,4
87,3
87,1
85,4
85,3
85,1
83,4
83,3
83,1
82,5
82,4
82,3
82,2
82,1
81,4
81,3
81,1
80,3
80,1
78,4
78,3
78,1
77,3
77,1
20,3
20,2
20,1
19,3
19,2
19,1
12,3
18,1
12,2
18,3
12,1
11,28
11,27
11,26
11,25
11,23
11,22
11,17
11,16
11,15
11,14
11,12
11,11
11,10
11,8
11,7
11,6
11,5
11,4
11,3
11,2
11,1
10,301
10,300
10,298
10,294
10,291
10,290
10,289
10,288
10,287
10,286
10,285
10,284
10,283
10,282
10,281
10,280
10,279
10,278
10,277
10,276
10,275
10,274
10,273
10,272
10,271
10,270
10,269
10,268
10,267
10,266
10,265
10,264
10,263
10,262
10,261
